0,462
0,461
0,458
0,457
33,68
0,409
0,402
79,35
14,5
33,9
33,85
33,8
33,5
33,3
3,2
3,1
3,3
10,33
10,215
10,171
10,9
10,159
10,121
10,83
11,26
11,17
11,16
11,14
11,20
11,7
9,2
9,3
8,5
8,14
8,2
8,3
0,318
12,2
12,1
12,3
19,2
35,9
35,8
35,7
35,6
35,5
35,4
35,3
35,2
35,1
35,0
34,5
34,4
34,3
34,2
34,1
34,0
33,191
33,190
33,189
33,188
33,187
33,186
33,185
33,184
33,183
33,182
33,181
33,180
33,179
33,178
33,177
33,176
33,175
33,174
33,173
33,172
33,171
33,170
33,169
33,168
33,167
33,166
33,165
33,164
33,163
33,162
33,161
33,159
33,158
33,157
33,156
33,155
33,154
33,153
33,152
33,151
33,150
33,149
33,148
33,147
33,146
33,145
33,144
33,143
33,142
33,141
33,140
33,139
33,138
33,137
33,136
33,135
33,134
33,133
33,132
33,131
33,130
33,129
33,128
33,127
33,126
33,125
33,124
33,123
33,122
33,121
33,99
33,98
33,97
33,96
33,95
33,94
33,93
33,91
33,89
33,88
33,87
33,67
33,66
33,65
33,1
20,3
20,2
20,1
19,3
19,1
